1 1 0
10 2 1
11 3 1
100 4 1
101 5 1
110 6 11
111 7 11
1000 8 1
1001 9 1
1100 12 11
1101 13 11
10000 16 1
10001 17 1
10100 20 101
10101 21 101
11000 24 11
11001 25 11
11100 28 111
11101 29 111
100000 32 1
100001 33 1
101100 44 1101
101101 45 1101
110000 48 11
110001 49 11
111100 60 1111
111101 61 1111
1000000 64 1
1000001 65 1
1010000 80 101
1010001 81 101
1100000 96 11
1100001 97 11
1110000 112 111
1110001 113 111
10000000 128 1
10000001 129 1
10010000 144 1001
10010001 145 1001
11000000 192 11
11000001 193 11
11010000 208 1011
11010001 209 1011
100000000 256 1
100000001 257 1
101000000 320 101
101000001 321 101
110000000 384 11
110000001 385 11
111000000 448 111
111000001 449 111
1000000000 512 1
1000000001 513 1
1011000000 704 1101
1011000001 705 1101
1100000000 768 11
1100000001 769 11
1111000000 960 1111
1111000001 961 1111
10000000000 1024 1
10000000001 1025 1
10011000000 1216 11001
10011000001 1217 11001
10100000000 1280 101
10100000001 1281 101
10111000000 1472 11101
10111000001 1473 11101
11000000000 1536 11
11000000001 1537 11
11011000000 1728 11011
11011000001 1729 11011
11100000000 1792 111
11100000001 1793 111
11111000000 1984 11111
11111000001 1985 11111
